1771499309176 244.96560450956463 0
1771499309193 232.7711350461292 1
1771499309198 221.8354684445417 2
1771499309198 210.90445570724427 3
1771499309198 200.5995249912632 4
1771499309198 191.10391623360505 5
1771499309198 182.67727671878117 6
1771499309198 173.89096666640526 7
1771499309209 165.60419425641766 8
1771499309209 157.79798020081884 9
1771499309209 150.66219756857055 10
1771499309209 143.598111714603 11
1771499309209 136.94718389941877 12
1771499309219 131.25695758315345 13
1771499309220 125.21490435742304 14
1771499309220 119.97452253828713 15
1771499309220 114.5404325275601 16
1771499309226 109.39848942898365 17
1771499309230 104.55280633731495 18
1771499309321 99.9182973288027 19
1771499309323 95.59689953415518 20
1771499309324 91.44355365994221 21
1771499309326 87.5595037422602 22
1771499309328 83.83173951648008 23
1771499309329 80.29682613398448 24
1771499309333 77.19555761862894 25
1771499309336 74.03897827668901 26
1771499309338 72.53013775797272 27
1771499309340 69.6922344172566 28
1771499309342 67.1211585730011 29
1771499309343 64.41614639217724 30
1771499309343 61.85082803973208 31
1771499309348 59.4065496442588 32
1771499309351 57.11489305440525 33
1771499309353 54.987932583047616 34
1771499309353 53.91023050229325 35
1771499309353 51.89782698194322 36
1771499309360 49.941656466895466 37
1771499309361 48.16172694066384 38
1771499309364 46.435188869256045 39
1771499309364 44.80396130527437 40
1771499309364 43.177705261706826 41
1771499309369 41.778888173357956 42
1771499309371 40.26258459337482 43
1771499309373 38.884831740746044 44
1771499309376 37.57212884606987 45
1771499309378 36.431149114693646 46
1771499309386 35.1875111599572 47
1771499309390 34.01000780018749 48
1771499309392 32.91006502642716 49
1771499309395 31.86737567511318 50
1771499309398 30.85082213841318 51
1771499309400 29.86894616745358 52
1771499309402 28.96549880282818 53
1771499309405 28.07616350400104 54
1771499309407 27.333559510562296 55
1771499309409 26.527967106166884 56
1771499309410 25.756557335121993 57
1771499309412 25.308930369233654 58
1771499309416 24.5911063880217 59
1771499309416 23.912608092442397 60
1771499309421 23.26314705897864 61
1771499309423 22.882015066422767 62
1771499309426 22.3383558028948 63
1771499309426 21.750653153781297 64
1771499309426 21.200185007960012 65
1771499309431 20.741287720345813 66
1771499309433 20.30581927170328 67
1771499309436 19.807476674356057 68
1771499309436 19.336484365092403 69
1771499309436 18.890217916951627 70
1771499309441 18.45570696176834 71
1771499309443 18.05139944126124 72
1771499309443 17.652556275004557 73
1771499309446 17.281567840715745 74
1771499309446 16.92984496431005 75
1771499309451 16.585032824233387 76
1771499309453 16.35502153067537 77
1771499309453 16.032747960881167 78
1771499309456 15.757625132231663 79
1771499309456 15.496646926990957 80
1771499309461 15.203382760397567 81
1771499309461 14.92137693703577 82
1771499309463 14.654109602408889 83
1771499309466 14.394273033205055 84
1771499309466 14.15044060696943 85
1771499309466 13.9113741446629 86
1771499309473 13.685714923758024 87
1771499309476 13.471815099303647 88
1771499309476 13.2592137719838 89
1771499309481 13.052053505093124 90
1771499309483 12.86731677345771 91
1771499309483 12.675520021667715 92
1771499309486 12.488989308569101 93
1771499309486 12.320697258552514 94
1771499309491 12.15268127870565 95
1771499309493 11.988003659043384 96
1771499309497 11.83139235337817 97
1771499309498 11.690874169720905 98
1771499309501 11.55100393509491 99
1771499309503 11.415162795862157 100
1771499309503 11.273795331072842 101
1771499309507 11.140297322658567 102
1771499309507 11.013415540437641 103
1771499309512 10.888258949911117 104
1771499309514 10.772065687995646 105
1771499309514 10.661626730839565 106
1771499309517 10.551022902494829 107
1771499309517 10.448125941492137 108
1771499309524 10.34486553664918 109
1771499309524 10.256070901650569 110
1771499309528 10.157544748108306 111
1771499309528 10.064818495089945 112
1771499309532 9.983458984822978 113
1771499309534 9.89287447391584 114
1771499309537 9.811376715610088 115
1771499309538 9.732730455997661 116
1771499309538 9.650803952262173 117
1771499309542 9.575132630912613 118
1771499309544 9.498124129176796 119
1771499309544 9.426586362872069 120
1771499309548 9.357426366352865 121
1771499309548 9.290450399667428 122
1771499309553 9.234453129582427 123
1771499309556 9.175420052567972 124
1771499309558 9.109611222297104 125
1771499309560 9.057176010823135 126
1771499309562 8.99824558468446 127
1771499309564 8.929715126588892 128
1771499309566 8.8787612355734 129
1771499309568 8.827287384299884 130
1771499309569 8.77577785455743 131
1771499309571 8.726934379743657 132
1771499309574 8.66780164218508 133
1771499309575 8.616255571368036 134
1771499309575 8.568782872821254 135
1771499309579 8.525927007337286 136
1771499309579 8.478110942789067 137
1771499309583 8.437271371329572 138
1771499309585 8.394310674085737 139
1771499309585 8.351737249204204 140
1771499309585 8.302406910114833 141
1771499309589 8.260952456974861 142
1771499309593 8.223478066168347 143
1771499309595 8.187878196733726 144
1771499309595 8.15284602205818 145
1771499309599 8.120437017032282 146
1771499309599 8.08917948253136 147
1771499309599 8.051699919352481 148
1771499309603 8.010247000844705 149
1771499309605 7.970611074995823 150
1771499309605 7.935088010144059 151
1771499309609 7.90321019515838 152
1771499309609 7.877189326778596 153
1771499309613 7.847819994867512 154
1771499309615 7.8097544393310985 155
1771499309615 7.773743491371403 156
1771499309619 7.744512773670916 157
1771499309621 7.716753598194402 158
1771499309623 7.690865607464109 159
1771499309625 7.655145511929188 160
1771499309630 7.631358805959038 161
1771499309630 7.607788759779621 162
1771499309634 7.587203042309215 163
1771499309636 7.559855580537211 164
1771499309636 7.52508675189608 165
1771499309640 7.5014465135699755 166
1771499309640 7.477565666980361 167
1771499309644 7.443031991876804 168
1771499309644 7.420515264478245 169
1771499309646 7.395519651522817 170
1771499309646 7.3710495598243755 171
1771499309650 7.350561307132138 172
1771499309650 7.329811628544248 173
1771499309654 7.2970752643392505 174
1771499309656 7.271299963779024 175
1771499309656 7.252955439810511 176
1771499309656 7.23614150885599 177
1771499309660 7.211539413508089 178
1771499309664 7.182533268679144 179
1771499309666 7.1633904457444455 180
1771499309666 7.147976717761617 181
1771499309670 7.126910113453935 182
1771499309670 7.1070649978046765 183
1771499309674 7.0803100300195005 184
1771499309677 7.061347668182309 185
1771499309677 7.0421144762366055 186
1771499309680 7.015930649617972 187
1771499309680 7.0007357107558335 188
1771499309684 6.979443707009816 189
1771499309686 6.962018339880033 190
1771499309686 6.951112020264859 191
1771499309686 6.926108199732672 192
1771499309690 6.9097702117742354 193
1771499309690 6.886927883112858 194
1771499309702 6.869530234238701 195
1771499309707 6.851755999513498 196
1771499309711 6.833852326524716 197
1771499309715 6.820464270573452 198
1771499309717 6.806059569772191 199
1771499309717 6.792610133984582 200
1771499309721 6.780270249625558 201
1771499309721 6.765992664526524 202
1771499309728 6.749805258456565 203
1771499309730 6.731774851635525 204
1771499309732 6.71335385067132 205
1771499309733 6.696516828850227 206
1771499309735 6.683708602324686 207
1771499309737 6.667173566064787 208
1771499309738 6.65269639047288 209
1771499309743 6.638447026913692 210
1771499309746 6.625707123328158 211
1771499309748 6.613712693303743 212
1771499309750 6.598679691255862 213
1771499309752 6.5872155529892495 214
1771499309753 6.566521063948893 215
1771499309756 6.556937846024467 216
1771499309758 6.54801933905544 217
1771499309759 6.530509473987226 218
1771499309759 6.518381076289469 219
1771499309763 6.505086892841238 220
1771499309766 6.4930086733025 221
1771499309768 6.480371574835442 222
1771499309768 6.4678670154580455 223
1771499309768 6.457323214906373 224
1771499309773 6.448695830495443 225
1771499309773 6.4323897507620815 226
1771499309778 6.423891991258877 227
1771499309778 6.414779397634158 228
1771499309778 6.400312867618754 229
1771499309778 6.3859709271538865 230
1771499309784 6.37422611017513 231
1771499309786 6.360455111917515 232
1771499309788 6.348752417362724 233
1771499309788 6.341374807040194 234
1771499309788 6.329191427929003 235
1771499309794 6.321116023420947 236
1771499309794 6.311816244116302 237
1771499309796 6.304666792944513 238
1771499309798 6.294353392196696 239
1771499309798 6.283596885101544 240
1771499309798 6.272446180715499 241
1771499309804 6.262648439753268 242
1771499309806 6.2518698637854895 243
1771499309808 6.2415080720749225 244
1771499309809 6.232366592810132 245
1771499309809 6.22338887193558 246
1771499309809 6.21370834966226 247
1771499309814 6.207267109318164 248
1771499309816 6.199448255634329 249
1771499309818 6.190104849834042 250
1771499309818 6.182580487756804 251
1771499309821 6.168933623275779 252
1771499309821 6.161419859626156 253
1771499309826 6.149832269259382 254
1771499309828 6.143407464266313 255
1771499309828 6.13607234863492 256
1771499309828 6.125234461163488 257
1771499309828 6.1120929459463085 258
1771499309835 6.105348981907861 259
1771499309836 6.09902323337665 260
1771499309842 6.092025294016581 261
1771499309843 6.084264344007928 262
1771499309847 6.074245659680509 263
1771499309847 6.065324348412774 264
1771499309849 6.058153407376397 265
1771499309851 6.049930366330391 266
1771499309851 6.042715510750315 267
1771499309851 6.0341771898939305 268
1771499309857 6.026860090032365 269
1771499309857 6.017505183082363 270
1771499309860 6.007383026040511 271
1771499309862 6.00028921706555 272
1771499309863 5.994335736416924 273
1771499309865 5.987654612896353 274
1771499309867 5.977888816172165 275
1771499309869 5.968271246128995 276
1771499309869 5.957497504123211 277
1771499309869 5.951682543584185 278
1771499309869 5.940747897781256 279
1771499309877 5.9318946236199 280
1771499309879 5.923384922378554 281
1771499309881 5.915070054903614 282
1771499309884 5.906420586024005 283
1771499309886 5.8998914883160145 284
1771499309887 5.891912175257674 285
1771499309889 5.886857468328949 286
1771499309891 5.877869102871312 287
1771499309893 5.872945814493505 288
1771499309893 5.866536506981488 289
1771499309897 5.8588696863053515 290
1771499309898 5.8508160213525 291
1771499309900 5.843224778621281 292
1771499309900 5.837781188055095 293
1771499309900 5.832028206224286 294
1771499309900 5.826777035697022 295
1771499309906 5.821123810222234 296
1771499309909 5.814869633987469 297
1771499309910 5.808572220036373 298
1771499309910 5.803167040797409 299
1771499309910 5.7932597662162575 300
1771499309910 5.787518293182449 301
1771499309918 5.782155040609898 302
1771499309920 5.778134125333852 303
1771499309920 5.770870709136646 304
1771499309920 5.766185040348339 305
1771499309920 5.75920662056981 306
1771499309927 5.75239678142831 307
1771499309928 5.746895626914181 308
1771499309930 5.73963198315458 309
1771499309930 5.734424056092859 310
1771499309930 5.728321667290784 311
1771499309930 5.722094141778087 312
1771499309930 5.714565682237877 313
1771499309938 5.708565040946322 314
1771499309938 5.703657145679824 315
1771499309940 5.697467013497248 316
1771499309943 5.692517817731003 317
1771499309943 5.688115282953377 318
1771499309947 5.681943665076287 319
1771499309948 5.670718230333717 320
1771499309950 5.6647658715584 321
1771499309950 5.658642811232259 322
1771499309950 5.655093593080318 323
1771499309950 5.649275116693458 324
1771499309957 5.645198138365766 325
1771499309960 5.638397253004166 326
1771499309962 5.633464498622045 327
1771499309962 5.6283905025370355 328
1771499309962 5.62297187746161 329
1771499309962 5.619001814037655 330
1771499309968 5.612092595509721 331
1771499309969 5.604252232048366 332
1771499309971 5.600416389836771 333
1771499309971 5.595447387807974 334
1771499309971 5.590456796844924 335
1771499309977 5.583709350525071 336
1771499309979 5.580285555735031 337
1771499309979 5.573231083189451 338
1771499309981 5.568756255026082 339
1771499309981 5.563803696171432 340
1771499309981 5.560407115404469 341
1771499309981 5.550630351391135 342
1771499309988 5.545626782237503 343
1771499309989 5.538915610290391 344
1771499309993 5.533506309028269 345
1771499309993 5.528874208628682 346
1771499309993 5.524956554051207 347
1771499309998 5.519292125191052 348
1771499310000 5.515107438429275 349
1771499310001 5.510191360194069 350
1771499310001 5.503842969406639 351
1771499310001 5.498590199424156 352
1771499310001 5.494238851480474 353
1771499310010 5.487361288227515 354
1771499310011 5.482922073273491 355
1771499310011 5.477036727598853 356
1771499310011 5.472436926672705 357
1771499310011 5.468914920221733 358
1771499310019 5.464851869132108 359
1771499310019 5.4588651351111865 360
1771499310022 5.450211228503155 361
1771499310022 5.447738581201491 362
1771499310026 5.43832299515649 363
1771499310028 5.432122539047901 364
1771499310030 5.427760499124272 365
1771499310030 5.423259263692645 366
1771499310032 5.417706137700532 367
1771499310032 5.413653309226667 368
1771499310032 5.4045139938628575 369
1771499310039 5.3994147222319295 370
1771499310040 5.391056382146886 371
1771499310040 5.387251430947658 372
1771499310043 5.380820554817921 373
1771499310043 5.376702572243509 374
1771499310050 5.371412832064535 375
1771499310052 5.364598900340022 376
1771499310052 5.360554744467802 377
1771499310052 5.356864764823489 378
1771499310052 5.353627968678728 379
1771499310060 5.348873230813237 380
1771499310062 5.3449688627835235 381
1771499310062 5.340719692485399 382
1771499310062 5.336698894034615 383
1771499310062 5.329380325399322 384
1771499310062 5.326384802725652 385
1771499310069 5.323155748472574 386
1771499310070 5.31565802320528 387
1771499310072 5.307910806648874 388
1771499310072 5.3037047585216985 389
1771499310077 5.298651168348089 390
1771499310079 5.294213364188158 391
1771499310081 5.29080802266024 392
1771499310083 5.286671309649485 393
1771499310083 5.280821317926413 394
1771499310083 5.27333581305611 395
1771499310083 5.270414848989523 396
1771499310083 5.267367935408544 397
1771499310091 5.264213629916759 398
1771499310092 5.257451975119406 399
1771499310093 5.254690769795598 400
1771499310093 5.251919438638818 401
1771499310093 5.245485184803593 402
1771499310100 5.242029643464054 403
1771499310101 5.237428230297171 404
1771499310103 5.2342215693105585 405
1771499310103 5.230055592054489 406
1771499310103 5.2257119011420885 407
1771499310103 5.2224587409368 408
1771499310111 5.220213693520692 409
1771499310113 5.216912116426249 410
1771499310113 5.211870368441762 411
1771499310113 5.2083009064381045 412
1771499310113 5.206152509847893 413
1771499310113 5.2031577849302195 414
1771499310121 5.199601559979209 415
1771499311390 5.19671799112864 416
1771499311392 5.193775432967365 417
1771499311393 5.192030958055158 418
1771499311395 5.18428438355977 419
1771499311396 5.176154850012603 420
1771499311397 5.172674679342192 421
1771499311398 5.168749206361646 422
1771499311400 5.165362449393569 423
1771499311401 5.16164584855652 424
1771499311402 5.158770485754929 425
1771499311404 5.155898851851123 426
1771499311405 5.151134030354886 427
1771499311406 5.143435921724542 428
1771499311408 5.137418688516436 429
1771499311409 5.130759380894037 430
1771499311411 5.127438912339037 431
1771499311412 5.122927891526908 432
1771499311412 5.120166853393439 433
1771499311415 5.116857515402473 434
1771499311415 5.11214190835729 435
1771499311415 5.107772067137308 436
1771499311415 5.105009183967358 437
1771499311415 5.101924713550257 438
1771499311415 5.099517176029375 439
1771499311415 5.0954643842620975 440
1771499311425 5.092684494298413 441
1771499311425 5.088612521651929 442
1771499311425 5.085146970811438 443
1771499311425 5.082813791534303 444
1771499311430 5.080677516301066 445
1771499311430 5.078279740380181 446
1771499311430 5.0751897358448055 447
1771499311435 5.072810828000096 448
1771499311435 5.064605789324412 449
1771499311435 5.061131227345695 450
1771499311435 5.058645838984813 451
1771499311435 5.056517239861548 452
1771499311435 5.052740752454899 453
1771499311435 5.04439016381696 454
1771499311445 5.037859300491427 455
1771499311445 5.035115280524972 456
1771499311445 5.031531336349178 457
1771499311445 5.028975975112724 458
1771499311445 5.025043995111963 459
1771499311445 5.022460237648122 460
1771499311445 5.017204518242611 461
1771499311455 5.010018470431338 462
1771499311455 5.00681964708661 463
1771499311455 5.0036243630814115 464
1771499311455 5.0015722117498145 465
1771499311455 4.996087867049481 466
1771499311455 4.993377390533874 467
1771499311455 4.99054409658878 468
1771499311465 4.987736120595978 469
1771499311467 4.984566970149715 470
1771499311467 4.979264593836604 471
1771499311467 4.977056048452442 472
1771499311467 4.971348189496959 473
1771499311467 4.968660498080503 474
1771499311467 4.965639723363843 475
1771499311475 4.96319412181931 476
1771499311475 4.960006519621237 477
1771499311477 4.957612245924974 478
1771499311477 4.954748292975899 479
1771499311477 4.949057891971922 480
1771499311477 4.943990343592413 481
1771499311477 4.941082564951615 482
1771499311485 4.938866108652368 483
1771499311487 4.936471711969816 484
1771499311487 4.933781937084856 485
1771499311487 4.930636085053734 486
1771499311487 4.927163058391381 487
1771499311487 4.925682056699421 488
1771499311487 4.924152343667356 489
1771499311495 4.91856723623489 490
1771499311495 4.915655442672719 491
1771499311497 4.914437854280399 492
1771499311497 4.911468142574944 493
1771499311497 4.905599807555678 494
1771499311497 4.902926775257153 495
1771499311497 4.900674865965599 496
1771499311497 4.894007702242975 497
1771499311497 4.889194655892158 498
1771499311505 4.8862770398659086 499
1771499311507 4.883888819645609 500
1771499311507 4.8821326239518825 501
1771499311507 4.878836901694809 502
1771499311507 4.876842055390384 503
1771499311507 4.873733856267815 504
1771499311507 4.8710448868569145 505
1771499311515 4.868197305536163 506
1771499311517 4.865646179524811 507
1771499311517 4.8598673389254134 508
1771499311517 4.857840804485443 509
1771499311517 4.856077702219769 510
1771499311517 4.852155615257884 511
1771499311517 4.84631824795478 512
1771499311517 4.8414329448094175 513
1771499311526 4.839222239252549 514
1771499311528 4.836687662835062 515
1771499311528 4.832546417182246 516
1771499311528 4.829208283247162 517
1771499311528 4.827877677147177 518
1771499311528 4.825111419786467 519
1771499311528 4.823918031342677 520
1771499311536 4.822032179935419 521
1771499311536 4.819676876178212 522
1771499311538 4.817764275968141 523
1771499311538 4.815625322701539 524
1771499311538 4.809725072924409 525
1771499311542 4.807166649904793 526
1771499311542 4.80360993304106 527
1771499311542 4.802451613417553 528
1771499311546 4.797505553773475 529
1771499311546 4.79530183593875 530
1771499311548 4.792896095701871 531
1771499311548 4.78668169710209 532
1771499311548 4.784335499870549 533
1771499311552 4.779654475049371 534
1771499311552 4.777992866549372 535
1771499311552 4.775571141074403 536
1771499311556 4.772187181170923 537
1771499311558 4.770302288447461 538
1771499311558 4.768862112652988 539
1771499311558 4.766969167076073 540
1771499311558 4.762808620478781 541
1771499311558 4.757811590026542 542
1771499311558 4.756092949905447 543
1771499311566 4.753593233802572 544
1771499311568 4.75179480963318 545
1771499311568 4.745490987021227 546
1771499311568 4.743234407725968 547
1771499311568 4.736935379769795 548
1771499311568 4.732691641647623 549
1771499311568 4.7269738286186245 550
1771499311576 4.724195573015234 551
1771499311576 4.72086963053178 552
1771499311578 4.715195741547702 553
1771499311578 4.7096243569851906 554
1771499311578 4.704289356684408 555
1771499311578 4.700179844715707 556
1771499311578 4.697608264165194 557
1771499311578 4.696152454278316 558
1771499311586 4.693623424102269 559
1771499311586 4.691356694257977 560
1771499311588 4.689384970203336 561
1771499311588 4.687996040889702 562
1771499311588 4.684760365475178 563
1771499311588 4.683435592770587 564
1771499311588 4.681451911796855 565
1771499311588 4.679534962262686 566
1771499311596 4.6780149466622225 567
1771499311598 4.674472307023065 568
1771499311598 4.673097074298766 569
1771499311598 4.669039680578261 570
1771499311598 4.663124553834389 571
1771499311598 4.657682608239192 572
1771499311606 4.651870593827706 573
1771499311606 4.64976806095741 574
1771499311608 4.64510676869377 575
1771499311610 4.639475393559137 576
1771499311610 4.636309506917585 577
1771499311610 4.634297092300728 578
1771499311610 4.62920470005547 579
1771499311616 4.6272809705423485 580
1771499311616 4.625386486382513 581
1771499311618 4.621179939133306 582
1771499311618 4.617694702897281 583
1771499311618 4.616286742354509 584
1771499311618 4.614272448314268 585
1771499311618 4.609945564813237 586
1771499311626 4.608514878289859 587
1771499311626 4.6065803216546035 588
1771499311629 4.605357608988498 589
1771499311629 4.603438174820015 590
1771499311629 4.6017977159723085 591
1771499311629 4.59988233049453 592
1771499311629 4.596397357957001 593
1771499311629 4.595069109736019 594
1771499311637 4.593564556236455 595
1771499311639 4.589366594445753 596
1771499311639 4.585174141707435 597
1771499311639 4.57980074800558 598
1771499311639 4.5747499732942 599
1771499311639 4.572177739042177 600
1771499311639 4.5669028349586425 601
1771499311647 4.5646488425414535 602
1771499311649 4.562033354869569 603
1771499311649 4.559890608778237 604
1771499311649 4.558057409983734 605
1771499311649 4.550880862163533 606
1771499311649 4.546744559665916 607
1771499311649 4.544530056389723 608
1771499311649 4.541925933108442 609
1771499311658 4.540195232560173 610
1771499311660 4.5388287693077505 611
1771499311661 4.537371315516165 612
1771499311663 4.535047940811581 613
1771499311664 4.533372931840748 614
1771499311665 4.532247062169993 615
1771499311666 4.529357963064857 616
1771499311668 4.527491958656472 617
1771499311669 4.526024474013074 618
1771499311671 4.523961312105478 619
1771499311672 4.518030733605054 620
1771499311674 4.5157566656672055 621
1771499311675 4.513895713241685 622
1771499311677 4.511793506069675 623
1771499311678 4.510504919653398 624
1771499311680 4.507164259697657 625
1771499311681 4.503647208186798 626
1771499311682 4.501759967293358 627
1771499311684 4.498371641472085 628
1771499311685 4.496823731766139 629
1771499311687 4.492205252428763 630
1771499311688 4.488464918711564 631
1771499311689 4.486343819892757 632
1771499311691 4.481825609003048 633
1771499311692 4.4805228090454525 634
1771499311692 4.475438954230943 635
1771499311692 4.4699437581065675 636
1771499311697 4.468537016448584 637
1771499311697 4.461498313158366 638
1771499311699 4.457914440326677 639
1771499311701 4.4544745662824905 640
1771499311701 4.452443113431468 641
1771499311701 4.4499228840909515 642
1771499311701 4.445993631701852 643
1771499311701 4.442978822744191 644
1771499311707 4.438775356619747 645
1771499311709 4.436394225710873 646
1771499311709 4.432768510698992 647
1771499311709 4.428411364721492 648
1771499311709 4.426252278525729 649
1771499311709 4.423168549669371 650
1771499311709 4.421726406475963 651
1771499311717 4.420625915304927 652
1771499311717 4.41673135733943 653
1771499311719 4.414853050903133 654
1771499311719 4.41014857550119 655
1771499311719 4.407081800077128 656
1771499311719 4.404397058941205 657
1771499311719 4.398833259811019 658
1771499311727 4.397258927622446 659
1771499311727 4.393881919978145 660
1771499311729 4.388257604565885 661
1771499311729 4.387415864829378 662
1771499311729 4.386124489426082 663
1771499311729 4.383423024320629 664
1771499311729 4.382482644572722 665
1771499311729 4.381321261011742 666
1771499311737 4.378438453508985 667
1771499311739 4.3771568393292375 668
1771499311739 4.375120285760238 669
1771499311739 4.3693206189967615 670
1771499311739 4.368184474037236 671
1771499311739 4.367265278775663 672
1771499311739 4.364285488491352 673
1771499311747 4.362555148820295 674
1771499311749 4.361644072359058 675
1771499311749 4.360530165052548 676
1771499311749 4.358056771408922 677
1771499311749 4.355789256919811 678
1771499311749 4.352206771903057 679
1771499311757 4.350763961041637 680
1771499311757 4.348922460072061 681
1771499311760 4.345236075136909 682
1771499311760 4.340834460924211 683
1771499311760 4.3381122734434925 684
1771499311760 4.334932915097873 685
1771499311760 4.331447303250884 686
1771499311768 4.329995747948435 687
1771499311770 4.327082445891919 688
1771499311770 4.326364958233306 689
1771499311770 4.325130229540981 690
1771499311770 4.322933212738576 691
1771499311770 4.320717329394502 692
1771499311770 4.319811701459939 693
1771499311778 4.317260963878332 694
1771499311780 4.316094824764443 695
1771499311780 4.311610857041664 696
1771499311780 4.309059379377642 697
1771499311780 4.306854219789302 698
1771499311790 4.3040958906566535 699
1771499311790 4.301955616661326 700
1771499311790 4.297736420599592 701
1771499311790 4.294647001788451 702
1771499311790 4.292308619408231 703
1771499311798 4.290889273197614 704
1771499311800 4.287409455340513 705
1771499311800 4.286665813056265 706
1771499311800 4.283905881885521 707
1771499311800 4.282879624729307 708
1771499311800 4.278446099216472 709
1771499311800 4.275299563759927 710
1771499311808 4.273988388807324 711
1771499311810 4.2708222205437725 712
1771499311811 4.269987981929073 713
1771499311811 4.268952510973921 714
1771499311811 4.265740145544326 715
1771499311811 4.261480838136555 716
1771499311811 4.258248184361833 717
1771499311819 4.25598336141743 718
1771499311821 4.25356291438767 719
1771499311821 4.251250927089888 720
1771499311821 4.249153834653993 721
1771499311821 4.243301136590537 722
1771499311826 4.241854888377717 723
1771499311826 4.239189799189256 724
1771499311829 4.23690329571838 725
1771499311829 4.23616898711643 726
1771499311831 4.2339017877480645 727
1771499311831 4.232030997725906 728
1771499311831 4.228468690865312 729
1771499311836 4.221324347140577 730
1771499311836 4.219897766762831 731
1771499311836 4.2183561701715035 732
1771499311839 4.214706037993028 733
1771499311841 4.213494646235446 734
1771499311842 4.212750795512814 735
1771499311844 4.210819723339942 736
1771499311845 4.204243621534604 737
1771499311847 4.202210319769994 738
1771499311849 4.198342024112919 739
1771499311849 4.1966961179529765 740
1771499311851 4.192762168906887 741
1771499311851 4.189049491700048 742
1771499311851 4.18577007593251 743
1771499311851 4.184650542405827 744
1771499311856 4.183279830139899 745
1771499311859 4.179059910137085 746
1771499311860 4.175363647575308 747
1771499311862 4.1741926820491555 748
1771499311863 4.172497361999554 749
1771499311865 4.168861301971084 750
1771499311866 4.165974813625404 751
1771499311867 4.162984966689356 752
1771499311869 4.1619718040269875 753
1771499311870 4.154598350351658 754
1771499311872 4.15301316013321 755
1771499311873 4.14749798002559 756
1771499311874 4.14340101673101 757
1771499311876 4.138311150319239 758
1771499311877 4.133496236385746 759
1771499311879 4.131448088952469 760
1771499311880 4.129662143604829 761
1771499311881 4.128683970630477 762
1771499311883 4.1269023786008425 763
1771499311884 4.123689925890296 764
1771499311885 4.120677902691127 765
1771499311887 4.11891690848367 766
1771499311888 4.116234341143282 767
1771499311889 4.113806821248618 768
1771499311891 4.111320720627466 769
1771499311892 4.1095894007974 770
1771499311893 4.10724141112306 771
1771499311893 4.10327277357896 772
1771499311893 4.099300019664755 773
1771499311893 4.097922829961693 774
1771499311899 4.0944723115530905 775
1771499311901 4.093798549610622 776
1771499311901 4.089924589587975 777
1771499311903 4.0878904370496825 778
1771499311903 4.085194582415352 779
1771499311903 4.0838136482297305 780
1771499311903 4.0824527432192355 781
1771499311909 4.076395646432342 782
1771499311911 4.072569551974375 783
1771499311911 4.070350838275802 784
1771499311913 4.066628783078488 785
1771499311913 4.065266350771591 786
1771499311913 4.060551906154619 787
1771499311913 4.057793302663395 788
1771499311919 4.056790329134017 789
1771499311919 4.054967186783036 790
1771499311921 4.052009003861576 791
1771499311923 4.050546241582017 792
1771499311923 4.046734957266441 793
1771499311923 4.043513127208418 794
1771499311923 4.039505042720037 795
1771499311923 4.03806644965276 796
1771499311929 4.034582739281867 797
1771499311931 4.033580555629132 798
1771499311931 4.032612491620947 799
1771499311933 4.028187849653737 800
1771499311935 4.025153960253829 801
1771499311935 4.022778999454638 802
1771499311935 4.020405758648214 803
1771499311939 4.019216620126449 804
1771499311939 4.012861185573985 805
1771499311941 4.008723003067343 806
1771499311943 4.002816276205833 807
1771499311943 3.998417163456568 808
1771499311943 3.9944961160548433 809
1771499311943 3.9912907853016675 810
1771499311943 3.9892465114922624 811
1771499311949 3.986957800566673 812
1771499311949 3.9855902615875265 813
1771499311951 3.9822089760361585 814
1771499311953 3.9776922146174973 815
1771499311953 3.976388086414717 816
1771499311953 3.973014172057192 817
1771499311953 3.9678205121750456 818
1771499311959 3.964223883824581 819
1771499311959 3.9616252935220904 820
1771499311961 3.959843653008477 821
1771499311963 3.9569503177730128 822
1771499311963 3.952959762270623 823
1771499311963 3.9498560964496447 824
1771499311963 3.9449802892348207 825
1771499311963 3.944025005062077 826
1771499311969 3.9428145131134444 827
1771499311971 3.938902596193495 828
1771499311971 3.9351366119413673 829
1771499311973 3.9331336774477936 830
1771499311973 3.929767168864649 831
1771499311973 3.9285341777622205 832
1771499311973 3.925308770938405 833
1771499311973 3.9225187269220667 834
1771499311979 3.9183021002340417 835
1771499311982 3.917555818730064 836
1771499311983 3.915920113071636 837
1771499311983 3.9109702198726986 838
1771499311983 3.9089110083287677 839
1771499311983 3.9068296553631914 840
1771499311989 3.9038189915904282 841
1771499311989 3.901581835049535 842
1771499311991 3.898469530317038 843
1771499311993 3.8956544573971166 844
1771499311993 3.8943661897203996 845
1771499311993 3.8919746300960893 846
1771499311993 3.890325981837462 847
1771499311999 3.8890063329555473 848
1771499312000 3.887842854015478 849
1771499312002 3.8863013382426588 850
1771499312002 3.8842101554145745 851
1771499312004 3.880601717519614 852
1771499312004 3.8779725339867883 853
1771499312004 3.8750726134737192 854
1771499312004 3.8740784608882017 855
1771499312010 3.8728791448515425 856
1771499312012 3.870695472167956 857
1771499312012 3.8689125256705204 858
1771499312014 3.8681088423150616 859
1771499312014 3.864758902527174 860
1771499312014 3.859972080942088 861
1771499312014 3.8591390794182927 862
1771499312020 3.8563821134220317 863
1771499312022 3.85529250997908 864
1771499312022 3.8533258999541395 865
1771499312024 3.8518688489717983 866
1771499312026 3.850995212455378 867
1771499312026 3.848155352397465 868
1771499312026 3.846509312157388 869
1771499312030 3.8443525384577106 870
1771499312030 3.8409541328968193 871
1771499312032 3.8393836597244024 872
1771499312034 3.838067149091489 873
1771499312034 3.8369294091204256 874
1771499312036 3.8338208207163205 875
1771499312036 3.832577827271541 876
1771499312036 3.8287561472900546 877
1771499312040 3.825155563516878 878
1771499312040 3.823802405443424 879
1771499312042 3.8205734108630014 880
1771499312044 3.819621447656624 881
1771499312044 3.816475785339789 882
1771499312044 3.8148914972217813 883
1771499312044 3.814141926160119 884
1771499312044 3.811026958429484 885
1771499312050 3.8078968567943083 886
1771499312052 3.805454611787349 887
1771499312054 3.8021306169780917 888
1771499312054 3.801209517368664 889
1771499312054 3.7992724708460175 890
1771499312054 3.7982854149120446 891
1771499312054 3.7976702431085556 892
1771499312061 3.7942879482157874 893
1771499312063 3.7924445583582327 894
1771499312064 3.790906653530054 895
1771499312064 3.7883865854943912 896
1771499312064 3.7856402025271016 897
1771499312064 3.7832229127515067 898
1771499312064 3.781658030470413 899
1771499312071 3.780392686406822 900
1771499312071 3.7786305798309443 901
1771499312073 3.7760571767851236 902
1771499312074 3.7710291483254927 903
1771499312074 3.766046056749435 904
1771499312074 3.7630479727221204 905
1771499312074 3.760307785536601 906
1771499312074 3.75593233949255 907
1771499312081 3.753310204833874 908
1771499312083 3.7512283644324045 909
1771499312084 3.748604557746195 910
1771499312084 3.747282617873231 911
1771499312084 3.7448285069642786 912
1771499312084 3.74179484879395 913
1771499312084 3.738412084154817 914
1771499312091 3.735247744964005 915
1771499312093 3.7327793603138337 916
1771499312094 3.7314359559964907 917
1771499312094 3.730813763853245 918
1771499312094 3.727366717178881 919
1771499312094 3.7254054011802924 920
1771499312099 3.7230105036017567 921
1771499312101 3.717684121666906 922
1771499312103 3.7165310735537873 923
1771499312104 3.714405724340368 924
1771499312104 3.712194287593329 925
1771499312104 3.7097027902861344 926
1771499312104 3.7084181381748897 927
1771499312109 3.7056661700464724 928
1771499312111 3.704303060908353 929
1771499312111 3.7021425874055636 930
1771499312113 3.7000944563088156 931
1771499312114 3.6977502529235995 932
1771499312114 3.694626847314908 933
1771499312114 3.692647787918996 934
1771499312114 3.6900610200853494 935
1771499312114 3.687104417463116 936
1771499312121 3.684329307358256 937
1771499312123 3.6813620784158774 938
1771499312124 3.6790892926446803 939
1771499312124 3.6785126000136086 940
1771499312127 3.6752116255654257 941
1771499312129 3.6737193627431513 942
1771499312129 3.672114352726827 943
1771499312131 3.671370874347827 944
1771499312133 3.6686390009515755 945
1771499312135 3.6669704111375863 946
1771499312135 3.6659243599408415 947
1771499312135 3.6645950638154385 948
1771499312135 3.6638948360428243 949
1771499312135 3.662933290649722 950
1771499312141 3.6602507099437855 951
1771499312143 3.6594690184194554 952
1771499312145 3.6570236176366415 953
1771499312145 3.655403674030308 954
1771499312145 3.6544928953037314 955
1771499312145 3.6529147327386657 956
1771499312145 3.6505581898923873 957
1771499312145 3.647892997030527 958
1771499312151 3.647168699947617 959
1771499312153 3.64453069366302 960
1771499312155 3.6416138162846203 961
1771499312155 3.63880125303696 962
1771499312155 3.6371267225713297 963
1771499312155 3.636005414069265 964
1771499312155 3.635233265218178 965
1771499312161 3.63404488155669 966
1771499312161 3.6331537210412805 967
1771499312163 3.630368711718701 968
1771499312165 3.628188073258546 969
1771499312166 3.62529223756718 970
1771499312166 3.6233346604648475 971
1771499312166 3.6227191696592165 972
1771499312172 3.6206942202622376 973
1771499312172 3.6177581058434303 974
1771499312174 3.6147912738096717 975
1771499312175 3.612185351424001 976
1771499312177 3.609269951389071 977
1771499312177 3.608468794700209 978
1771499312177 3.6058080586617733 979
1771499312177 3.6033920214593023 980
1771499312182 3.6014721512696535 981
1771499312184 3.6007060037036145 982
1771499312185 3.598616035549867 983
1771499312185 3.597177987181746 984
1771499312185 3.5954505803403247 985
1771499312185 3.5922791800899088 986
1771499312185 3.590000292598634 987
1771499312192 3.585770391873429 988
1771499312194 3.5821460442920805 989
1771499312195 3.581096425094508 990
1771499312195 3.5795300392160776 991
1771499312195 3.577341081909375 992
1771499312195 3.576335420044356 993
1771499312195 3.573536217957298 994
1771499312202 3.5712783269365183 995
1771499312203 3.5698168652044195 996
1771499312204 3.5687698939534527 997
1771499312206 3.567560740109249 998
1771499312207 3.566602147939506 999
