1771499309176 15.651377080294393 0
1771499309193 15.25683895982812 1
1771499309198 14.89414208487826 2
1771499309198 14.522549903761538 3
1771499309198 14.163316172113902 4
1771499309198 13.82403400725002 5
1771499309198 13.515815799232437 6
1771499309198 13.186772412778089 7
1771499309209 12.868729317862648 8
1771499309209 12.561766603500434 9
1771499309209 12.274453045597207 10
1771499309209 11.983242954835013 11
1771499309209 11.702443501227373 12
1771499309219 11.4567428871889 13
1771499309220 11.189946575271172 14
1771499309220 10.953288206665938 15
1771499309220 10.702356400697937 16
1771499309226 10.459373280889427 17
1771499309230 10.225106666304999 18
1771499309321 9.99591403168328 19
1771499309323 9.777366697334983 20
1771499309324 9.56261228221359 21
1771499309326 9.357323535192112 22
1771499309328 9.15596742657378 23
1771499309329 8.960849632372172 24
1771499309333 8.786100250886564 25
1771499309336 8.604590535097472 26
1771499309338 8.516462749168385 27
1771499309340 8.348187492938608 28
1771499309342 8.192750366818283 29
1771499309343 8.02596700667136 30
1771499309343 7.864529740533256 31
1771499309348 7.707564443081797 32
1771499309351 7.557439583245456 33
1771499309353 7.415384857379125 34
1771499309353 7.3423586470761055 35
1771499309353 7.204014643373736 36
1771499309360 7.066941096888771 37
1771499309361 6.93986505204992 38
1771499309364 6.814337008782002 39
1771499309364 6.69357612231865 40
1771499309364 6.570974452979317 41
1771499309369 6.463659039070514 42
1771499309371 6.345280497611971 43
1771499309373 6.2357703406031595 44
1771499309376 6.129610823377767 45
1771499309378 6.035822157311599 46
1771499309386 5.9319061995245 47
1771499309390 5.831809993491514 48
1771499309392 5.736729471260359 49
1771499309395 5.64511963337476 50
1771499309398 5.554351639787778 51
1771499309400 5.465248957499885 52
1771499309402 5.381960498073929 53
1771499309405 5.298694509405221 54
1771499309407 5.228150677874758 55
1771499309409 5.150530759656415 56
1771499309410 5.075091854845781 57
1771499309412 5.030798184108924 58
1771499309416 4.958942063386273 59
1771499309416 4.890051951916503 60
1771499309421 4.823188474337141 61
1771499309423 4.7835149280025 62
1771499309426 4.726346982913421 63
1771499309426 4.663759551454309 64
1771499309426 4.6043658638253335 65
1771499309431 4.554260392242171 66
1771499309433 4.50619787311912 67
1771499309436 4.450559141765904 68
1771499309436 4.397326956810512 69
1771499309436 4.346287831811376 70
1771499309441 4.296010586784947 71
1771499309443 4.248693851204301 72
1771499309443 4.201494528736716 73
1771499309446 4.157110515816935 74
1771499309446 4.114589282578524 75
1771499309451 4.072472568874269 76
1771499309453 4.04413421274262 77
1771499309453 4.004091402663176 78
1771499309456 3.9695875267125253 79
1771499309456 3.9365780732751836 80
1771499309461 3.899151543656333 81
1771499309461 3.8628198167965033 82
1771499309463 3.8280686517366544 83
1771499309466 3.793978523028966 84
1771499309466 3.761707139979059 85
1771499309466 3.7297954561427225 86
1771499309473 3.699420890322974 87
1771499309476 3.670397131006895 88
1771499309476 3.641320333613043 89
1771499309481 3.6127625863171695 90
1771499309483 3.5871042323101943 91
1771499309483 3.560269655751895 92
1771499309486 3.533976415961077 93
1771499309486 3.51008507853478 94
1771499309491 3.486069603250292 95
1771499309493 3.4623696595024893 96
1771499309497 3.439679106163563 97
1771499309498 3.4191920346363855 98
1771499309501 3.3986767917963174 99
1771499309503 3.3786332733610136 100
1771499309503 3.35764729104664 101
1771499309507 3.3377083938922176 102
1771499309507 3.3186466429009345 103
1771499309512 3.299736193987501 104
1771499309514 3.2820825230325403 105
1771499309514 3.2652146531031563 106
1771499309517 3.2482338127811596 107
1771499309517 3.2323560975690993 108
1771499309524 3.2163435041439805 109
1771499309524 3.2025100939186077 110
1771499309528 3.1870903263177692 111
1771499309528 3.1725098100856908 112
1771499309532 3.159661213614994 113
1771499309534 3.1452940202651707 114
1771499309537 3.132311720696088 115
1771499309538 3.119732433398361 116
1771499309538 3.1065743114018973 117
1771499309542 3.0943711204237627 118
1771499309544 3.0819026800301135 119
1771499309544 3.0702746396490443 120
1771499309548 3.0589910700021443 121
1771499309548 3.0480240155988647 122
1771499309553 3.0388243005449374 123
1771499309556 3.0290955832670536 124
1771499309558 3.0182132499704366 125
1771499309560 3.009514248317016 126
1771499309562 2.9997075831961455 127
1771499309564 2.9882628944905254 128
1771499309566 2.9797250268394566 129
1771499309568 2.9710751226281515 130
1771499309569 2.9623939397989307 131
1771499309571 2.9541385173589365 132
1771499309574 2.9441130484723375 133
1771499309575 2.93534590318893 134
1771499309575 2.927248344917331 135
1771499309579 2.9199190069824343 136
1771499309579 2.911719585191724 137
1771499309583 2.9046981549430524 138
1771499309585 2.8972936810212624 139
1771499309585 2.8899372396652843 140
1771499309585 2.8813897532466575 141
1771499309589 2.8741872689466255 142
1771499309593 2.8676607306598085 143
1771499309595 2.861446871205846 144
1771499309595 2.8553189002383217 145
1771499309599 2.849638050179756 146
1771499309599 2.844148287718374 147
1771499309599 2.8375517474316627 148
1771499309603 2.8302379760092093 149
1771499309605 2.8232270675586517 150
1771499309605 2.816928825892493 151
1771499309609 2.8112648745997557 152
1771499309609 2.8066330944351447 153
1771499309613 2.801396079612362 154
1771499309615 2.7945937878931706 155
1771499309615 2.7881433771187956 156
1771499309619 2.7828964719642224 157
1771499309621 2.777904533671811 158
1771499309623 2.7732409933981774 159
1771499309625 2.766793362708749 160
1771499309630 2.762491412829918 161
1771499309630 2.7582220287314834 162
1771499309634 2.754487800355851 163
1771499309636 2.7495191544226802 164
1771499309636 2.7431891571483145 165
1771499309640 2.738876870830446 166
1771499309640 2.7345137898683856 167
1771499309644 2.7281920738607837 168
1771499309644 2.724062272503741 169
1771499309646 2.719470472633012 170
1771499309646 2.714967690383143 171
1771499309650 2.7111918609962182 172
1771499309650 2.707362485620322 173
1771499309654 2.701309916381171 174
1771499309656 2.696534806706382 175
1771499309656 2.693131159043412 176
1771499309656 2.6900077153896773 177
1771499309660 2.685430954894966 178
1771499309664 2.6800248634442077 179
1771499309666 2.6764510916032904 180
1771499309666 2.673570032327864 181
1771499309670 2.6696273360628324 182
1771499309670 2.665907912476475 183
1771499309674 2.6608851967004328 184
1771499309677 2.657319639821734 185
1771499309677 2.6536982639773883 186
1771499309680 2.648760209912927 187
1771499309680 2.6458903436756094 188
1771499309684 2.641863680625822 189
1771499309686 2.6385636888049593 190
1771499309686 2.636496163521741 191
1771499309686 2.631750026072513 192
1771499309690 2.628644177475193 193
1771499309690 2.6242956927741314 194
1771499309702 2.620978869475811 195
1771499309707 2.6175859106270987 196
1771499309711 2.6141637910667948 197
1771499309715 2.611601859122759 198
1771499309717 2.608842572822705 199
1771499309717 2.6062636347815205 200
1771499309721 2.603895207112905 201
1771499309721 2.6011521801937163 202
1771499309728 2.5980387330554877 203
1771499309730 2.5945664091781357 204
1771499309732 2.591014058370066 205
1771499309733 2.5877629004316116 206
1771499309735 2.5852869477728553 207
1771499309737 2.582087056252129 208
1771499309738 2.5792821463486466 209
1771499309743 2.5765183925044455 210
1771499309746 2.574044895359861 211
1771499309748 2.5717139602420294 212
1771499309750 2.5687895381396784 213
1771499309752 2.566557140020313 214
1771499309753 2.562522402623808 215
1771499309756 2.5606518400642573 216
1771499309758 2.5589097950212 217
1771499309759 2.5554861521806815 218
1771499309759 2.553112037551323 219
1771499309763 2.550507183452193 220
1771499309766 2.548138275938435 221
1771499309768 2.5456573954158563 222
1771499309768 2.543200152457145 223
1771499309768 2.541126367362783 224
1771499309773 2.539428248739358 225
1771499309773 2.5362156356986056 226
1771499309778 2.534539798712752 227
1771499309778 2.532741478642097 228
1771499309778 2.5298839632715873 229
1771499309778 2.5270478679981285 230
1771499309784 2.5247229769174933 231
1771499309786 2.5219942727765097 232
1771499309788 2.5196730774770613 233
1771499309788 2.5182086504180297 234
1771499309788 2.515788430677151 235
1771499309794 2.51418297333765 236
1771499309794 2.5123328290885945 237
1771499309796 2.51090955491123 238
1771499309798 2.50885499624763 239
1771499309798 2.50671037120397 240
1771499309798 2.504485212716477 241
1771499309804 2.502528409379855 242
1771499309806 2.5003739447901565 243
1771499309808 2.498301037120011 244
1771499309809 2.496470827550391 245
1771499309809 2.494672097077205 246
1771499309809 2.492731102558449 247
1771499309814 2.491438762907522 248
1771499309816 2.4898691241979627 249
1771499309818 2.4879921321889347 250
1771499309818 2.4864795369672366 251
1771499309821 2.4837338068472192 252
1771499309821 2.4822207515904293 253
1771499309826 2.4798855355155776 254
1771499309828 2.478589813637245 255
1771499309828 2.4771096763435647 256
1771499309828 2.474921102007797 257
1771499309828 2.4722647402627227 258
1771499309835 2.470900439497282 259
1771499309836 2.469620058506298 260
1771499309842 2.468202847015735 261
1771499309843 2.4666301595512707 262
1771499309847 2.464598478389636 263
1771499309847 2.462787921931723 264
1771499309849 2.4613316329532675 265
1771499309851 2.4596606201527864 266
1771499309851 2.4581935462347784 267
1771499309851 2.4564562259266762 268
1771499309857 2.4549664132187967 269
1771499309857 2.453060370859707 270
1771499309860 2.4509963333388547 271
1771499309862 2.449548778258059 272
1771499309863 2.448333256813076 273
1771499309865 2.446968453596481 274
1771499309867 2.444972150387845 275
1771499309869 2.4430045530307543 276
1771499309869 2.440798538209004 277
1771499309869 2.4396070469614948 278
1771499309869 2.4373649496497762 279
1771499309877 2.4355481156445875 280
1771499309879 2.4338005099799274 281
1771499309881 2.4320917036377585 282
1771499309884 2.4303128576428192 283
1771499309886 2.428969223418859 284
1771499309887 2.4273261369782335 285
1771499309889 2.4262847047139684 286
1771499309891 2.4244317071988872 287
1771499309893 2.423416145546098 288
1771499309893 2.4220934141732617 289
1771499309897 2.420510211981216 290
1771499309898 2.418846010260368 291
1771499309900 2.4172763140818803 292
1771499309900 2.4161500756482606 293
1771499309900 2.4149592556033497 294
1771499309900 2.413871793550151 295
1771499309906 2.412700522282497 296
1771499309909 2.4114040793669296 297
1771499309910 2.4100979689706334 298
1771499309910 2.4089763470813508 299
1771499309910 2.4069191440960904 300
1771499309910 2.405726146755372 301
1771499309918 2.404611203627293 302
1771499309920 2.4037749739386696 303
1771499309920 2.402263663534177 304
1771499309920 2.401288204349561 305
1771499309920 2.3998347069266686 306
1771499309927 2.3984154730630616 307
1771499309928 2.3972683677290245 308
1771499309930 2.395752905279378 309
1771499309930 2.3946657503904087 310
1771499309930 2.3933912482690296 311
1771499309930 2.392089910889239 312
1771499309930 2.3905157774501045 313
1771499309938 2.3892603543662467 314
1771499309938 2.3882330593306476 315
1771499309940 2.386936742667733 316
1771499309943 2.38589979205561 317
1771499309943 2.384976998411804 318
1771499309947 2.3836827945589336 319
1771499309948 2.381326989376662 320
1771499309950 2.380076862531628 321
1771499309950 2.378790199078569 322
1771499309950 2.378044068784327 323
1771499309950 2.376820379560361 324
1771499309957 2.375962570910107 325
1771499309960 2.3745309543158553 326
1771499309962 2.373492047305414 327
1771499309962 2.372422918144452 328
1771499309962 2.3712806408060625 329
1771499309962 2.370443379209395 330
1771499309968 2.3689855625372056 331
1771499309969 2.367330190752521 332
1771499309971 2.3665198900150344 333
1771499309971 2.3654698027681467 334
1771499309971 2.3644146837737505 335
1771499309977 2.3629873784100224 336
1771499309979 2.362262804121301 337
1771499309979 2.36076917194152 338
1771499309981 2.3598212337009943 339
1771499309981 2.3587716498574913 340
1771499309981 2.3580515506248942 341
1771499309981 2.3559775787114643 342
1771499309988 2.3549154511866246 343
1771499309989 2.353490091394139 344
1771499309993 2.3523406022573066 345
1771499309993 2.351355823483269 346
1771499309993 2.3505226129631698 347
1771499309998 2.349317374300682 348
1771499310000 2.348426587830515 349
1771499310001 2.34737967959895 350
1771499310001 2.3460270606722844 351
1771499310001 2.344907290155446 352
1771499310001 2.34397927710133 353
1771499310010 2.3425117477245476 354
1771499310011 2.3415640228858767 355
1771499310011 2.3403069729415527 356
1771499310011 2.3393240319957185 357
1771499310011 2.3385711278944954 358
1771499310019 2.337702262721262 359
1771499310019 2.3364214378213504 360
1771499310022 2.3345687457222493 361
1771499310022 2.3340391130402014 362
1771499310026 2.332021225280012 363
1771499310028 2.330691429393411 364
1771499310030 2.329755459082406 365
1771499310030 2.3287892269788277 366
1771499310032 2.3275966441161002 367
1771499310032 2.3267258775426614 368
1771499310032 2.3247610616712544 369
1771499310039 2.32366407258707 370
1771499310040 2.3218648501036587 371
1771499310040 2.3210453315150175 372
1771499310043 2.3196595773556776 373
1771499310043 2.3187717809744686 374
1771499310050 2.317630866221913 375
1771499310052 2.3161603788036835 376
1771499310052 2.3152871840157974 377
1771499310052 2.314490173844661 378
1771499310052 2.3137908221528427 379
1771499310060 2.312763116017989 380
1771499310062 2.31191887028579 381
1771499310062 2.310999717110627 382
1771499310062 2.31012962710637 383
1771499310062 2.308545066789757 384
1771499310062 2.3078961854307165 385
1771499310069 2.3071965127558105 386
1771499310070 2.305571083962774 387
1771499310072 2.3038903634176853 388
1771499310072 2.302977368217434 389
1771499310077 2.301879920488488 390
1771499310079 2.300915766426089 391
1771499310081 2.300175650392865 392
1771499310083 2.2992762577927612 393
1771499310083 2.2980037680400813 394
1771499310083 2.296374493207959 395
1771499310083 2.295738410400785 396
1771499310083 2.2950747123805235 397
1771499310091 2.2943874193162666 398
1771499310092 2.2929134251252066 399
1771499310093 2.2923112288246545 400
1771499310093 2.291706665050922 401
1771499310093 2.2903024221276094 402
1771499310100 2.2895479124630813 403
1771499310101 2.2885428181043874 404
1771499310103 2.2878421207134374 405
1771499310103 2.286931479527642 406
1771499310103 2.2859816056001168 407
1771499310103 2.2852699492481845 408
1771499310111 2.284778696837112 409
1771499310113 2.284056066830727 410
1771499310113 2.2829521169840077 411
1771499310113 2.2821702185503394 412
1771499310113 2.281699478425652 413
1771499310113 2.281043135262948 414
1771499310121 2.28026348477083 415
1771499311390 2.2796311085631027 416
1771499311392 2.2789856149101433 417
1771499311393 2.2786028522002595 418
1771499311395 2.276902365838239 419
1771499311396 2.2751164475719925 420
1771499311397 2.2743514854441895 421
1771499311398 2.2734883343359487 422
1771499311400 2.272743375173178 423
1771499311401 2.2719255816501827 424
1771499311402 2.2712926904639414 425
1771499311404 2.2706604439790468 426
1771499311405 2.2696109865690386 427
1771499311406 2.267914443210886 428
1771499311408 2.2665874544160958 429
1771499311409 2.2651179618055295 430
1771499311411 2.264384886086956 431
1771499311412 2.263388586064467 432
1771499311412 2.262778569235938 433
1771499311415 2.262047195662034 434
1771499311415 2.261004623692152 435
1771499311415 2.260038067630125 436
1771499311415 2.2594267379066215 437
1771499311415 2.258744056671817 438
1771499311415 2.2582110565731837 439
1771499311415 2.2573135325563656 440
1771499311425 2.2566976967016235 441
1771499311425 2.2557953190952253 442
1771499311425 2.2550270443636453 443
1771499311425 2.2545096565626643 444
1771499311430 2.254035828530919 445
1771499311430 2.253503880711143 446
1771499311430 2.252818176383706 447
1771499311435 2.252290129623645 448
1771499311435 2.250467904531058 449
1771499311435 2.249695807736169 450
1771499311435 2.2491433566993484 451
1771499311435 2.2486701047200204 452
1771499311435 2.2478302321249486 453
1771499311435 2.245971986427471 454
1771499311445 2.2445176097530237 455
1771499311445 2.2439062548433193 456
1771499311445 2.243107517786247 457
1771499311445 2.242537842515199 458
1771499311445 2.241660990228443 459
1771499311445 2.2410846118895473 460
1771499311445 2.239911721082465 461
1771499311455 2.238307054546212 462
1771499311455 2.237592377330288 463
1771499311455 2.2368782629104813 464
1771499311455 2.236419507102774 465
1771499311455 2.2351930267986884 466
1771499311455 2.2345866263212697 467
1771499311455 2.233952572591634 468
1771499311465 2.233324007079129 469
1771499311467 2.232614380082175 470
1771499311467 2.231426582667824 471
1771499311467 2.2309316548142935 472
1771499311467 2.2296520332771568 473
1771499311467 2.229049236351791 474
1771499311467 2.2283715406915077 475
1771499311475 2.2278227312376786 476
1771499311475 2.2271072088297044 477
1771499311477 2.226569613985822 478
1771499311477 2.2259263898377006 479
1771499311477 2.2246478130193825 480
1771499311477 2.2235085661162657 481
1771499311477 2.222854598247851 482
1771499311485 2.2223559815322944 483
1771499311487 2.221817209396357 484
1771499311487 2.2212118172486064 485
1771499311487 2.2205035656476064 486
1771499311487 2.21972139206509 487
1771499311487 2.219387766186752 488
1771499311487 2.2190431144228264 489
1771499311495 2.217784307870107 490
1771499311495 2.2171277461329826 491
1771499311497 2.216853142244745 492
1771499311497 2.2161832375900112 493
1771499311497 2.2148588685412167 494
1771499311497 2.2142553545734405 495
1771499311497 2.213746793552867 496
1771499311497 2.212240425958032 497
1771499311497 2.2111523366543877 498
1771499311505 2.2104924880817642 499
1771499311507 2.2099522211228027 500
1771499311507 2.2095548474640503 501
1771499311507 2.2088089328175964 502
1771499311507 2.208357320587043 503
1771499311507 2.207653472868379 504
1771499311507 2.207044378089601 505
1771499311515 2.2063991718490477 506
1771499311517 2.205820976309005 507
1771499311517 2.2045106801568037 508
1771499311517 2.2040509986126553 509
1771499311517 2.203650993741924 510
1771499311517 2.202760907420023 511
1771499311517 2.201435497114276 512
1771499311517 2.2003256451737814 513
1771499311526 2.1998232290919533 514
1771499311528 2.199247067256215 515
1771499311528 2.1983053512153963 516
1771499311528 2.197545968403656 517
1771499311528 2.1972431993630512 518
1771499311528 2.19661362551234 519
1771499311528 2.196341965938519 520
1771499311536 2.195912607535969 521
1771499311536 2.1953762493427433 522
1771499311538 2.1949406087564514 523
1771499311538 2.1944533083894813 524
1771499311538 2.193108541072331 525
1771499311542 2.1925251765726186 526
1771499311542 2.191713925913019 527
1771499311542 2.1914496602517595 528
1771499311546 2.1903208791803714 529
1771499311546 2.1898177631800206 530
1771499311548 2.1892683927974366 531
1771499311548 2.187848645839581 532
1771499311548 2.1873123919254307 533
1771499311552 2.1862420897625614 534
1771499311552 2.1858620419755157 535
1771499311552 2.1853080197250003 536
1771499311556 2.1845336301304505 537
1771499311558 2.1841021698738046 538
1771499311558 2.1837724498337705 539
1771499311558 2.183338994997358 540
1771499311558 2.182385992550076 541
1771499311558 2.181240837236123 542
1771499311558 2.1808468423769347 543
1771499311566 2.180273660301058 544
1771499311568 2.1798611904507084 545
1771499311568 2.1784147876428923 546
1771499311568 2.1778967853702267 547
1771499311568 2.1764501785636616 548
1771499311568 2.1754750381577868 549
1771499311568 2.174160488238765 550
1771499311576 2.1735214682664705 551
1771499311576 2.172756228970885 552
1771499311578 2.171450147147685 553
1771499311578 2.1701668961131055 554
1771499311578 2.1689373796134386 555
1771499311578 2.1679898165618092 556
1771499311578 2.1673966559366087 557
1771499311578 2.1670607869366094 558
1771499311586 2.166477192149105 559
1771499311586 2.165953991722349 560
1771499311588 2.165498780928619 561
1771499311588 2.1651780621671057 562
1771499311588 2.1644307254969326 563
1771499311588 2.1641246712633233 564
1771499311588 2.1636663124883317 565
1771499311588 2.1632232807231633 566
1771499311596 2.1628719210027723 567
1771499311598 2.162052799314361 568
1771499311598 2.1617347372651357 569
1771499311598 2.1607960756578257 570
1771499311598 2.1594269040267116 571
1771499311598 2.1581664922427075 572
1771499311606 2.156819555231199 573
1771499311606 2.1563320850363956 574
1771499311608 2.155250975801605 575
1771499311610 2.1539441481986334 576
1771499311610 2.1532091182506137 577
1771499311610 2.1527417616381044 578
1771499311610 2.1515586675839145 579
1771499311616 2.151111566270413 580
1771499311616 2.1506711711422817 581
1771499311618 2.149692987180566 582
1771499311618 2.148882198469074 583
1771499311618 2.148554570485588 584
1771499311618 2.1480857637241275 585
1771499311618 2.14707837882394 586
1771499311626 2.1467451824308026 587
1771499311626 2.1462945561256506 588
1771499311629 2.146009694523419 589
1771499311629 2.145562437874977 590
1771499311629 2.1451801127113566 591
1771499311629 2.144733626932382 592
1771499311629 2.1439210241883915 593
1771499311629 2.143611231015554 594
1771499311637 2.14326026329899 595
1771499311639 2.1422806992655636 596
1771499311639 2.141301973498235 597
1771499311639 2.140046903225623 598
1771499311639 2.138866516006597 599
1771499311639 2.138265123655665 600
1771499311639 2.137031313518509 601
1771499311647 2.1365038831093788 602
1771499311649 2.1358917001733886 603
1771499311649 2.135390036686094 604
1771499311649 2.134960751391869 605
1771499311649 2.1332793680536857 606
1771499311649 2.132309677243415 607
1771499311649 2.131790340626799 608
1771499311649 2.1311794699434494 609
1771499311658 2.1307733883639934 610
1771499311660 2.1304527146378422 611
1771499311661 2.1301106345718677 612
1771499311663 2.1295651999437775 613
1771499311664 2.129171888749414 614
1771499311665 2.1289074808854407 615
1771499311666 2.1282288324014544 616
1771499311668 2.127790393496613 617
1771499311669 2.127445527860367 618
1771499311671 2.126960580759662 619
1771499311672 2.125565979593448 620
1771499311674 2.1250309799311644 621
1771499311675 2.1245930700352207 622
1771499311677 2.1240982806992887 623
1771499311678 2.123794933521925 624
1771499311680 2.1230083041989394 625
1771499311681 2.1221798246583155 626
1771499311682 2.121735131276606 627
1771499311684 2.1209365010466685 628
1771499311685 2.1205715578037303 629
1771499311687 2.119482307647026 630
1771499311688 2.1185997542508033 631
1771499311689 2.118099105304744 632
1771499311691 2.117032264516308 633
1771499311692 2.116724547277102 634
1771499311692 2.1155233286898403 635
1771499311692 2.11422415039337 636
1771499311697 2.113891439135081 637
1771499311697 2.1122259143279076 638
1771499311699 2.1113773798936744 639
1771499311701 2.110562618422512 640
1771499311701 2.1100813049338805 641
1771499311701 2.1094840326703 642
1771499311701 2.1085524967858524 643
1771499311701 2.1078374754103293 644
1771499311707 2.106840135515684 645
1771499311709 2.1062749644124987 646
1771499311709 2.105414094827664 647
1771499311709 2.1043790924454395 648
1771499311709 2.1038660315062194 649
1771499311709 2.103133031852567 650
1771499311709 2.102790147988135 651
1771499311717 2.102528457668273 652
1771499311717 2.1016020930089097 653
1771499311719 2.1011551705914377 654
1771499311719 2.100035374821384 655
1771499311719 2.099305075513592 656
1771499311719 2.098665542420041 657
1771499311719 2.0973395671209323 658
1771499311727 2.096964217058185 659
1771499311727 2.0961588489372995 660
1771499311729 2.0948168427253693 661
1771499311729 2.0946159229866885 662
1771499311729 2.094307639633223 663
1771499311729 2.0936625860727007 664
1771499311729 2.093437996352584 665
1771499311729 2.093160591309645 666
1771499311737 2.092471852501004 667
1771499311739 2.0921655860206756 668
1771499311739 2.0916788199339393 669
1771499311739 2.0902919937168494 670
1771499311739 2.090020209002113 671
1771499311739 2.0898002963861555 672
1771499311739 2.08908723812371 673
1771499311747 2.0886730593418146 674
1771499311749 2.088454948606519 675
1771499311749 2.0881882494288075 676
1771499311749 2.0875959310673418 677
1771499311749 2.0870527681205884 678
1771499311749 2.0861943274544337 679
1771499311757 2.0858484990625845 680
1771499311757 2.085407025036614 681
1771499311760 2.084522985034444 682
1771499311760 2.083466933004748 683
1771499311760 2.0828135474505376 684
1771499311760 2.082050171128898 685
1771499311760 2.0812129403909836 686
1771499311768 2.0808641829654415 687
1771499311770 2.0801640430244723 688
1771499311770 2.0799915764813344 689
1771499311770 2.0796947443172953 690
1771499311770 2.079166470665246 691
1771499311770 2.078633524552729 692
1771499311770 2.078415671000375 693
1771499311778 2.0778019549221556 694
1771499311780 2.077521317523467 695
1771499311780 2.0764418742265973 696
1771499311780 2.0758273963356495 697
1771499311780 2.0752961764021305 698
1771499311790 2.07463150719752 699
1771499311790 2.0741156227803033 700
1771499311790 2.0730982660259 701
1771499311790 2.07235301090052 702
1771499311790 2.0717887487406217 703
1771499311798 2.0714461791699086 704
1771499311800 2.0706060599110865 705
1771499311800 2.070426480958999 706
1771499311800 2.069759860922402 707
1771499311800 2.0695119291101722 708
1771499311800 2.068440499317414 709
1771499311800 2.0676797536755847 710
1771499311808 2.067362665041459 711
1771499311810 2.0665967726055734 712
1771499311811 2.066394923999058 713
1771499311811 2.066144358696633 714
1771499311811 2.0653668307456488 715
1771499311811 2.064335447095882 716
1771499311811 2.063552321692337 717
1771499311819 2.0630034807089954 718
1771499311821 2.0624167654447705 719
1771499311821 2.06185618487078 720
1771499311821 2.0613475773517655 721
1771499311821 2.0599274590602787 722
1771499311826 2.059576385662284 723
1771499311826 2.0589292846499747 724
1771499311829 2.058373944578191 725
1771499311829 2.0581955658091458 726
1771499311831 2.0576447185430395 727
1771499311831 2.0571900733101707 728
1771499311831 2.056324072432483 729
1771499311836 2.0545861741821825 730
1771499311836 2.05423897508611 731
1771499311836 2.053863717526434 732
1771499311839 2.0529749238587955 733
1771499311841 2.0526798693988906 734
1771499311842 2.052498671257259 735
1771499311844 2.05202819750118 736
1771499311845 2.0504252294425673 737
1771499311847 2.049929345067774 738
1771499311849 2.0489856085665705 739
1771499311849 2.048583929926469 740
1771499311851 2.0476235417934827 741
1771499311851 2.046716759031412 742
1771499311851 2.045915461580099 743
1771499311851 2.0456418411847728 744
1771499311856 2.045306781424219 745
1771499311859 2.044274910606958 746
1771499311860 2.043370658391499 747
1771499311862 2.0430841103706805 748
1771499311863 2.042669175857793 749
1771499311865 2.0417789552179944 750
1771499311866 2.0410719765910765 751
1771499311867 2.040339424382462 752
1771499311869 2.0400911264026877 753
1771499311870 2.0382831869864546 754
1771499311872 2.0378942956231096 755
1771499311873 2.03654068950895 756
1771499311874 2.035534577630901 757
1771499311876 2.0342839404368402 758
1771499311877 2.0331001540469535 759
1771499311879 2.032596391060574 760
1771499311880 2.0321570174582546 761
1771499311881 2.0319163296333036 762
1771499311883 2.031477880411412 763
1771499311884 2.0306870575965896 764
1771499311885 2.029945295492252 765
1771499311887 2.0295114950361013 766
1771499311888 2.028850497484544 767
1771499311889 2.028252159187466 768
1771499311891 2.027639198828891 769
1771499311892 2.0272122239167265 770
1771499311893 2.0266330232982637 771
1771499311893 2.025653665753097 772
1771499311893 2.0246728179300364 773
1771499311893 2.0243326875693364 774
1771499311899 2.0234802473839695 775
1771499311901 2.023313754614104 776
1771499311901 2.02235619750527 777
1771499311903 2.021853218473013 778
1771499311903 2.021186429406093 779
1771499311903 2.020844785783839 780
1771499311903 2.0205080408697302 781
1771499311909 2.019008580078931 782
1771499311911 2.0180608395126187 783
1771499311911 2.017511050347879 784
1771499311913 2.0165884019993987 785
1771499311913 2.0162505674572273 786
1771499311913 2.015081116519784 787
1771499311913 2.014396510785152 788
1771499311919 2.014147544032963 789
1771499311919 2.0136949090622034 790
1771499311921 2.012960258887784 791
1771499311923 2.0125968899861735 792
1771499311923 2.0116498097995192 793
1771499311923 2.010848857375516 794
1771499311923 2.0098519952275185 795
1771499311923 2.0094940780337622 796
1771499311929 2.0086270782008957 797
1771499311931 2.0083775928916183 798
1771499311931 2.008136571954444 799
1771499311933 2.0070345910456395 800
1771499311935 2.0062786347498767 801
1771499311935 2.0056866653230356 802
1771499311935 2.0050949500330937 803
1771499311939 2.0047983988736746 804
1771499311939 2.00321271600746 805
1771499311941 2.002179563142962 806
1771499311943 2.0007039451667588 807
1771499311943 1.9996042517099648 808
1771499311943 1.9986235553637517 809
1771499311943 1.9978215098706058 810
1771499311943 1.9973098186040799 811
1771499311949 1.9967367880035347 812
1771499311949 1.9963943151560832 813
1771499311951 1.995547287346546 814
1771499311953 1.9944152563138644 815
1771499311953 1.9940882845086667 816
1771499311953 1.9932421257983668 817
1771499311953 1.9919388826404905 818
1771499311959 1.9910358821037308 819
1771499311959 1.990383202682863 820
1771499311961 1.9899355901657916 821
1771499311963 1.9892084651370787 822
1771499311963 1.9882051610109615 823
1771499311963 1.9874244882383947 824
1771499311963 1.9861974446753325 825
1771499311963 1.98595694944832 826
1771499311969 1.9856521631729573 827
1771499311971 1.9846668728513346 828
1771499311971 1.9837178760956324 829
1771499311973 1.9832129682532316 830
1771499311973 1.9823640354043575 831
1771499311973 1.9820530209260852 832
1771499311973 1.9812392008383048 833
1771499311973 1.980534959782853 834
1771499311979 1.9794701564393542 835
1771499311982 1.979281642093935 836
1771499311983 1.9788683920543164 837
1771499311983 1.977617308751291 838
1771499311983 1.9770966107726673 839
1771499311983 1.976570174661955 840
1771499311989 1.9758084400038451 841
1771499311989 1.9752422218678738 842
1771499311991 1.9744542360655102 843
1771499311993 1.9737412336466795 844
1771499311993 1.9734148549457105 845
1771499311993 1.9728088174215181 846
1771499311993 1.9723909302766178 847
1771499311999 1.9720563716475112 848
1771499312000 1.971761358282355 849
1771499312002 1.971370421367496 850
1771499312002 1.9708399618981178 851
1771499312004 1.9699242923319702 852
1771499312004 1.9692568481502835 853
1771499312004 1.9685204122573174 854
1771499312004 1.9682678834163305 855
1771499312010 1.967963197026698 856
1771499312012 1.9674083135353362 857
1771499312012 1.9669551407366972 858
1771499312014 1.9667508338157789 859
1771499312014 1.9658990061870356 860
1771499312014 1.9646811652128413 861
1771499312014 1.9644691597014936 862
1771499312020 1.9637673267019267 863
1771499312022 1.9634898802843572 864
1771499312022 1.962989021862868 865
1771499312024 1.962617856071782 866
1771499312026 1.9623952742644326 867
1771499312026 1.961671570981612 868
1771499312026 1.9612519756924116 869
1771499312030 1.9607020524438972 870
1771499312030 1.959835231058167 871
1771499312032 1.9594345255007635 872
1771499312034 1.9590985552267373 873
1771499312034 1.958808160367019 874
1771499312036 1.958014509832938 875
1771499312036 1.9576970723969378 876
1771499312036 1.956720763749916 877
1771499312040 1.9558004917467626 878
1771499312040 1.9554545265598542 879
1771499312042 1.9546287143247951 880
1771499312044 1.954385184055749 881
1771499312044 1.9535802479907982 882
1771499312044 1.9531747226558562 883
1771499312044 1.9529828279224881 884
1771499312044 1.9521851752406798 885
1771499312050 1.9513833187752498 886
1771499312052 1.9507574456572885 887
1771499312054 1.9499052841043567 888
1771499312054 1.9496690789384397 889
1771499312054 1.9491722527385869 890
1771499312054 1.948919037546723 891
1771499312054 1.9487612073080056 892
1771499312061 1.9478932076004032 893
1771499312063 1.9474199748277803 894
1771499312064 1.9470250777866356 895
1771499312064 1.946377811601435 896
1771499312064 1.9456721724193677 897
1771499312064 1.945050876648605 898
1771499312064 1.944648562200999 899
1771499312071 1.9443231949464632 900
1771499312071 1.943870000753894 901
1771499312073 1.9432079602515846 902
1771499312074 1.9419137849877612 903
1771499312074 1.9406303245980248 904
1771499312074 1.9398577197109381 905
1771499312074 1.939151305477889 906
1771499312074 1.9380227912727317 907
1771499312081 1.9373461757863186 908
1771499312083 1.9368088094678846 909
1771499312084 1.9361313379381562 910
1771499312084 1.9357899209039267 911
1771499312084 1.9351559386685815 912
1771499312084 1.934371952028345 913
1771499312084 1.9334973711269476 914
1771499312091 1.9326789037406098 915
1771499312093 1.932040206702188 916
1771499312094 1.9316925107264071 917
1771499312094 1.931531455569193 918
1771499312094 1.9306389401384405 919
1771499312094 1.9301309285072588 920
1771499312099 1.9295104310683984 921
1771499312101 1.9281296952401583 922
1771499312103 1.9278306651658457 923
1771499312104 1.927279358147222 924
1771499312104 1.9267055529045762 925
1771499312104 1.9260588750830372 926
1771499312104 1.9257253537757895 927
1771499312109 1.9250106934888627 928
1771499312111 1.9246566085690073 929
1771499312111 1.9240952646388285 930
1771499312113 1.9235629587587757 931
1771499312114 1.9229535233394486 932
1771499312114 1.9221412141970495 933
1771499312114 1.9216263393071495 934
1771499312114 1.9209531540579925 935
1771499312114 1.9201834332852463 936
1771499312121 1.9194606813785626 937
1771499312123 1.9186875927091094 938
1771499312124 1.9180952251243109 939
1771499312124 1.9179448897227491 940
1771499312127 1.9170841467096393 941
1771499312129 1.9166949060148177 942
1771499312129 1.9162761681779656 943
1771499312131 1.9160821679530935 944
1771499312133 1.9153691552678755 945
1771499312135 1.914933526558451 946
1771499312135 1.9146603771794206 947
1771499312135 1.914313209434506 948
1771499312135 1.9141303080100958 949
1771499312135 1.9138791212220592 950
1771499312141 1.9131781699423045 951
1771499312143 1.9129738676781383 952
1771499312145 1.9123345987657707 953
1771499312145 1.911911000551623 954
1771499312145 1.911672800273031 955
1771499312145 1.911259985647862 956
1771499312145 1.9106433968410712 957
1771499312145 1.9099458099722428 958
1771499312151 1.9097561886135144 959
1771499312153 1.9090653979534122 960
1771499312155 1.9083012907517043 961
1771499312155 1.9075642198984966 962
1771499312155 1.9071252508871381 963
1771499312155 1.9068312494998778 964
1771499312155 1.9066287696398 965
1771499312161 1.906317098899522 966
1771499312161 1.9060833457751212 967
1771499312163 1.9053526476006222 968
1771499312165 1.9047803215222867 969
1771499312166 1.9040200202642776 970
1771499312166 1.9035058866378238 971
1771499312166 1.9033442068262947 972
1771499312172 1.9028121873328008 973
1771499312172 1.9020405110941854 974
1771499312174 1.9012604434452613 975
1771499312175 1.9005750054717654 976
1771499312177 1.899807872230524 977
1771499312177 1.8995970084994893 978
1771499312177 1.8988965371135347 979
1771499312177 1.8982602617816404 980
1771499312182 1.8977545023710662 981
1771499312184 1.8975526352920002 982
1771499312185 1.8970018543875666 983
1771499312185 1.8966227846310784 984
1771499312185 1.8961673397515117 985
1771499312185 1.8953308893409375 986
1771499312185 1.8947296093634665 987
1771499312192 1.8936130523085832 988
1771499312194 1.8926558177048676 989
1771499312195 1.8923785099959542 990
1771499312195 1.8919645977702853 991
1771499312195 1.8913860213899687 992
1771499312195 1.8911201495527343 993
1771499312195 1.8903799136568549 994
1771499312202 1.889782613671879 995
1771499312203 1.8893958995415492 996
1771499312204 1.8891188141441642 997
1771499312206 1.8887987558523138 998
1771499312207 1.8885449817093334 999
